<?xml version="1.0"?>
<opencv_storage>
<CameraMatrix type_id="opencv-matrix">
  <rows>3</rows>
  <cols>3</cols>
  <dt>d</dt>
  <data>
    8.1675356386546503e+02 0. 6.4195688306069326e+02 0.
    8.2043722920790276e+02 3.6161876737201840e+02 0. 0. 1.</data></CameraMatrix>
<DistortionCoefficients type_id="opencv-matrix">
  <rows>1</rows>
  <cols>14</cols>
  <dt>d</dt>
  <data>
    -1.0871348465359130e+00 -2.3497930907309508e+00
    5.6128401882227013e-03 -1.0981198292706691e-03
    8.3826631128939688e+00 -1.1605176727654272e+00
    -2.1486790825644317e+00 8.3258124401622080e+00 0. 0. 0. 0. 0. 0.</data></DistortionCoefficients>
</opencv_storage>
