<?xml version="1.0"?>
<opencv_storage>
<CameraMatrix type_id="opencv-matrix">
  <rows>3</rows>
  <cols>3</cols>
  <dt>d</dt>
  <data>
    6.2084878869311842e+02 0. 6.3299804848133613e+02 0.
    6.2418239259367601e+02 3.7479321368391652e+02 0. 0. 1.</data></CameraMatrix>
<DistortionCoefficients type_id="opencv-matrix">
  <rows>1</rows>
  <cols>5</cols>
  <dt>d</dt>
  <data>
    9.5714007596489847e-02 -7.6643654485945498e-02
    4.6390065774811551e-03 -1.2300292028371491e-03
    3.2399603218282121e-02</data></DistortionCoefficients>
</opencv_storage>
