<?xml version="1.0"?>
<opencv_storage>
<CameraMatrix type_id="opencv-matrix">
  <rows>3</rows>
  <cols>3</cols>
  <dt>d</dt>
  <data>
    6.3783714081471896e+02 0. 6.3048349825835544e+02 0.
    6.3853414002313832e+02 3.4752278258492896e+02 0. 0. 1.</data></CameraMatrix>
<DistortionCoefficients type_id="opencv-matrix">
  <rows>1</rows>
  <cols>5</cols>
  <dt>d</dt>
  <data>
    8.2854107992610462e-02 -5.9860316484422593e-03
    -8.4887805100225169e-03 -2.7458533624689636e-03
    -1.9139940046819588e-02</data></DistortionCoefficients>
</opencv_storage>
