<?xml version="1.0"?>
<opencv_storage>
<CameraMatrix type_id="opencv-matrix">
  <rows>3</rows>
  <cols>3</cols>
  <dt>d</dt>
  <data>
    6.2990406110846561e+02 0. 6.2996859027087510e+02 0.
    6.3166275180216132e+02 3.7341732322357944e+02 0. 0. 1.</data></CameraMatrix>
<DistortionCoefficients type_id="opencv-matrix">
  <rows>1</rows>
  <cols>5</cols>
  <dt>d</dt>
  <data>
    8.0364676356806400e-02 -2.0619594555005921e-02
    3.0136940506031687e-03 -2.1710708268783095e-03
    -9.7317039017129729e-03</data></DistortionCoefficients>
</opencv_storage>
