<?xml version="1.0"?>
<opencv_storage>
<CameraMatrix type_id="opencv-matrix">
  <rows>3</rows>
  <cols>3</cols>
  <dt>d</dt>
  <data>
    6.8714562120733990e+02 0. 2.8756230544776332e+02 0.
    6.8724253815589714e+02 2.9446314403597017e+02 0. 0. 1.</data></CameraMatrix>
<DistortionCoefficients type_id="opencv-matrix">
  <rows>1</rows>
  <cols>5</cols>
  <dt>d</dt>
  <data>
    1.2946336627594124e-01 -7.3843324175709413e-01
    3.1697434770446814e-02 -1.3161402303425074e-02
    2.5541070098692398e+00</data></DistortionCoefficients>
</opencv_storage>
