%YAML:1.0
---
CameraMatrix: !!opencv-matrix
   rows: 3
   cols: 3
   dt: d
   data: [ 4.9613560506126726e+02, 0., 2.7596691276159328e+02, 0.,
       5.2132484142675776e+02, 2.3816477915952970e+02, 0., 0., 1. ]
DistortionCoefficients: !!opencv-matrix
   rows: 5
   cols: 1
   dt: d
   data: [ -7.5610942118538360e-02, 7.1957732768295979e-02,
       5.5286582907241311e-03, -7.7567128232380149e-03,
       -3.8243060115062616e-03 ]
